    1.0000         0    0.9256
    1.0000         0    1.0002
    1.0000         0    0.1552
    1.0000         0   -0.8325
    1.0000         0   -1.0548
    1.0000         0   -0.3074
    1.0000         0    0.7227
    1.0000         0    1.0883
    1.0000         0    0.4533
    1.0000   50.0000   -0.5984
    1.0000         0   -1.1000
    1.0000         0   -0.5902
    1.0000         0    0.4622
    1.0000         0    1.0897
    1.0000         0    0.7153
    1.0000         0   -0.3167
    1.0000         0   -1.0575
    1.0000         0   -0.8261
    1.0000         0    0.1649
    1.0000         0    1.0042
    1.0000         0    0.9203
    1.0000         0   -0.0097
    1.0000         0   -0.9308
    1.0000         0   -0.9961
    1.0000         0   -0.1456
    1.0000         0    0.8388
    1.0000         0    1.0520
    1.0000         0    0.2980
    1.0000         0   -0.7300
    1.0000         0   -1.0868
    1.0000         0   -0.4444
    1.0000         0    0.6066
    1.0000         0    1.0999
    1.0000         0    0.5820
    1.0000         0   -0.4710
    1.0000         0   -1.0910
    1.0000         0   -0.7079
    1.0000         0    0.3260
    1.0000         0    1.0602
    1.0000         0    0.8196
    1.0000         0   -0.1745
    1.0000         0   -1.0082
    1.0000         0   -0.9150
    1.0000         0    0.0195
    1.0000         0    0.9360
    1.0000         0    0.9920
    1.0000         0    0.1359
    1.0000         0   -0.8451
    1.0000         0   -1.0491
    1.0000         0   -0.2886
    1.0000         0    0.7373
    1.0000         0    1.0853
    1.0000         0    0.4355
    1.0000         0   -0.6147
    1.0000         0   -1.0997
    1.0000         0   -0.5737
    1.0000         0    0.4798
    1.0000         0    1.0922
    1.0000         0    0.7004
    1.0000         0   -0.3353
    1.0000         0   -1.0627
    1.0000         0   -0.8131
    1.0000         0    0.1841
    1.0000         0    1.0120
    1.0000         0    0.9095
    1.0000         0   -0.0292
    1.0000         0   -0.9411
    1.0000         0   -0.9877
    1.0000         0   -0.1263
    1.0000         0    0.8513
    1.0000         0    1.0462
    1.0000         0    0.2792
    1.0000         0   -0.7444
    1.0000         0   -1.0837
    1.0000         0   -0.4266
    1.0000         0    0.6227
    1.0000         0    1.0995
    1.0000         0    0.5654
    1.0000         0   -0.4885
    1.0000         0   -1.0933
    1.0000         0   -0.6929
    1.0000         0    0.3446
    1.0000         0    1.0652
    1.0000         0    0.8065
    1.0000         0   -0.1937
    1.0000         0   -1.0158
    1.0000         0   -0.9040
    1.0000         0    0.0389
    1.0000         0    0.9461
    1.0000         0    0.9834
    1.0000         0    0.1166
    1.0000         0   -0.8574
    1.0000         0   -1.0431
    1.0000         0   -0.2698
    1.0000         0    0.7516
    1.0000         0    1.0819
    1.0000         0    0.4176
    1.0000         0   -0.6307
    1.0000         0   -1.0991
    1.0000         0   -0.5570